                demo: 0.001973   0.001651  
              wo-nms: 0.242252   0.003533  
               w-nms: 0.503274   0.105740  
           large-sig: 0.107223   0.098200  
             small-k: 0.493512   0.103038  
             large-k: 0.504744   0.102116  
                best: 0.542307   0.110063  
